1988	6.192190627066529E7
1989	4.883313989371255E7
1990	5.067778192780038E7
1991	5.954278722827732E7
1992	5.244947444624703E7
1993	4.848889586415994E7
1994	5.04199312856768E7
1995	5.372497414546647E7
1996	5.303638450572262E7
1997	5.039608558267562E7
1998	4.7977121320637524E7
1999	4.681898895568245E7
2000	5.585616631582781E7
2001	5.3965653483621225E7
2002	5.7053000273520164E7
2003	6.4452523969925106E7
2004	7.761598487580521E7
2005	8.58150258000585E7
2006	9.814385607450306E7
2007	1.1361284634007432E8
2008	1.3562994979115248E8
2009	1.0457376183869562E8
2010	1.2663195884217383E8
2011	1.5240202152465323E8
2012	1.5035869106606457E8
2013	1.5638324879091004E8
2014	1.5850595734378824E8
2015	1.394118526744594E8
2016	1.379846061966806E8
